	200.0 630.0 0.0
	400.0 630.0 0.0
	500.0 630.0 0.0
	0.0 630.0 0.0
	800.0 630.0 0.0
	700.0 630.0 0.0
	300.0 630.0 0.0
	1000.0 630.0 0.0
	950.0 610.0 0.0
	700.0 540.0 0
	500.0 540.0 0.0
	0.0 540.0 0.0
	200.0 540.0 0.0
	400.0 540.0 0.0
	400.0 455.0 0.0
	650.0 400.0 0.0
	150.0 400.0 0.0
	0.0 400.0 0.0
	150.0 400.0 0.0
	150.0 400.0 0.0
	750.0 400.0 0.0
	950.0 400.0 0.0
	1150.0 400.0 0.0
	400.0 350.0 0.0
	1000.0 300.0 0.0
	1100.0 300.0 0.0
	650.0 300.0 0.0
	800.0 300.0 0.0
	1050.0 280.0 0.0
	400.0 200.0 0.0
	300.0 200.0 0.0
	800.0 200.0 0.0
	130.0 200.0 0.0
	0.0 200.0 0.0
	600.0 200.0 0.0
	650.0 110.0 0.0
	400.0 105.0 0.0
	700.0 90.0 0.0
	900.0 90.0 0.0
	1100.0 90.0 0.0
	0.0 710.0 0.0
	200.0 710.0 0.0
	400.0 710.0 0.0
	600.0 710.0 0.0
	800.0 710.0 0.0
	1000.0 710.0 0.0
	1200.0 710.0 0.0
	1400.0 710.0 0.0
	0.0 -200.0 0.0
	200.0 -200.0 0.0
	400.0 -200.0 0.0
	600.0 -200.0 0.0
	800.0 -200.0 0.0
	1000.0 -200.0 0.0
	1200.0 -200.0 0.0
	1400.0 -200.0 0.0